[
  {
    "id": 0,
    "img_name": "DSCF5565",
    "width": 3118,
    "height": 2078,
    "position": [
      -3.7212285514226,
      1.9830705231664232,
      -0.2941856450880261
    ],
    "rotation": [
      [
        0.45692053375530706,
        -0.23930622827978038,
        0.8567124108703402
      ],
      [
        0.639268405842538,
        0.7580520782954387,
        -0.12920120697387524
      ],
      [
        -0.6185139700316442,
        0.6067038616149328,
        0.49935047128967736
      ]
    ],
    "fy": 3222.7010797592447,
    "fx": 3222.7010797592447
  },
  {
    "id": 1,
    "img_name": "DSCF5573",
    "width": 3118,
    "height": 2078,
    "position": [
      -3.0001776344381623,
      0.3235507003413545,
      -1.9981505241924935
    ],
    "rotation": [
      [
        0.5729418145418838,
        -0.5518578049949329,
        0.6059625732795946
      ],
      [
        0.5527043248997777,
        0.8060858135150192,
        0.21152680796275172
      ],
      [
        -0.6051905537816454,
        0.21372558180059884,
        0.7668544642221632
      ]
    ],
    "fy": 3222.7010797592447,
    "fx": 3222.7010797592447
  },
  {
    "id": 2,
    "img_name": "test",
    "width": 3500,
    "height": 3500,
    "position": [
      -2.5,
      2,
      -2.0
    ],
    "rotation": [
      [
        0.9175774592979766,
        -0.12812506940501214,
        0.37634501827210437
      ],
      [
        0.26621282166010357,
        0.9010937966099831,
        -0.3422874571099155
      ],
      [
        -0.295266557151391,
        0.41426312447642155,
        0.90931892734261
      ]
    ],
    "fy": 3222.7010797592447,
    "fx": 3222.7010797592447
  },
  {
    "id": 3,
    "img_name": "DSCF5589",
    "width": 3222.7010797592447,
    "height": 3222.7010797592447,
    "position": [
      -1.6957912840447753,
      3.1196482001834367,
      -2.2795965583126696
    ],
    "rotation": [
      [
        0.9175774592979766,
        -0.12812506940501214,
        0.37634501827210437
      ],
      [
        0.26621282166010357,
        0.9010937966099831,
        -0.3422874571099155
      ],
      [
        -0.295266557151391,
        0.41426312447642155,
        0.860931892734261
      ]
    ],
    "fy": 3222.7010797592447,
    "fx": 3222.7010797592447
  },
  {
    "id": 4,
    "img_name": "DSCF5597",
    "width": 720,
    "height": 720,
    "position": [
      -1.3048228491661416,
      1.2239871956563482,
      -3.0985434548884023
    ],
    "rotation": [
      [
        0.9367431345028169,
        -0.23186701085484784,
        0.26220219152225904
      ],
      [
        0.2137848783481227,
        0.972160189273583,
        0.09591971737463478
      ],
      [
        -0.277143150287926,
        -0.03379727309694234,
        0.9602340436475343
      ]
    ],
    "fy": 3222.7010797592447,
    "fx": 3222.7010797592447
  },
  {
    "id": 5,
    "img_name": "DSCF5605",
    "width": 720,
    "height": 720,
    "position": [
      -0.7271316173065084,
      2.384356775761995,
      -2.6950289934079277
    ],
    "rotation": [
      [
        0.9677052459390937,
        -0.14505458749666433,
        0.20616916265079635
      ],
      [
        0.185465682348541,
        0.9635971120788381,
        -0.19256969196712473
      ],
      [
        -0.1707308924973686,
        0.22458800555571923,
        0.9593806283783076
      ]
    ],
    "fy": 720,
    "fx": 720
  },
  {
    "id": 6,
    "img_name": "DSCF5613",
    "width": 3118,
    "height": 2078,
    "position": [
      0.35027316503543693,
      3.514083284182348,
      -2.5727192197555877
    ],
    "rotation": [
      [
        0.9958800080643891,
        -0.018577697700110005,
        -0.08875741482172368
      ],
      [
        -0.019523122876971326,
        0.9119102808373459,
        -0.4099249777413954
      ],
      [
        0.08855426139267884,
        0.4099689120547022,
        0.9077905231593248
      ]
    ],
    "fy": 3118,
    "fx": 2078
  },
  {
    "id": 7,
    "img_name": "DSCF5621",
    "width": 3118,
    "height": 2078,
    "position": [
      0.19674533993421495,
      1.7424939445765226,
      -3.1319215686243034
    ],
    "rotation": [
      [
        0.9993803677772068,
        0.027910160813670162,
        -0.021445359051550428
      ],
      [
        -0.02794621343367118,
        0.9996084712666231,
        -0.0013832305391984798
      ],
      [
        0.02139835639049275,
        0.001981690026201181,
        0.9997690649587162
      ]
    ],
    "fy": 3222.7010797592447,
    "fx": 3222.7010797592447
  },
  {
    "id": 8,
    "img_name": "DSCF5629",
    "width": 3118,
    "height": 2078,
    "position": [
      1.198263530782738,
      2.6083341835153053,
      -2.787420520806649
    ],
    "rotation": [
      [
        0.9755646983796273,
        0.06676954805697241,
        -0.20932115690425177
      ],
      [
        -0.11758355256419413,
        0.963454028732955,
        -0.24068743773745607
      ],
      [
        0.18560072047772377,
        0.25941889285575565,
        0.9477627396071464
      ]
    ],
    "fy": 3222.7010797592447,
    "fx": 3222.7010797592447
  },
  {
    "id": 9,
    "img_name": "DSCF5637",
    "width": 3118,
    "height": 2078,
    "position": [
      2.2170270078469407,
      2.643551918667675,
      -2.0197428085430604
    ],
    "rotation": [
      [
        0.8750044526434883,
        0.16995073938987468,
        -0.4533033796861704
      ],
      [
        -0.3027039662576948,
        0.9228049480068391,
        -0.23833031017047585
      ],
      [
        0.37780618929013043,
        0.3457568135480915,
        0.85890320130917
      ]
    ],
    "fy": 3222.7010797592447,
    "fx": 3222.7010797592447
  },
  {
    "id": 10,
    "img_name": "DSCF5645",
    "width": 3118,
    "height": 2078,
    "position": [
      1.9416197151256276,
      0.8379623010704981,
      -2.231911374163669
    ],
    "rotation": [
      [
        0.806568934855701,
        0.43772062734688805,
        -0.397299893935031
      ],
      [
        -0.40558382456585973,
        0.8987165386671836,
        0.16676433784417527
      ],
      [
        0.4300561760703711,
        0.026631476134887658,
        0.9024092474607109
      ]
    ],
    "fy": 3222.7010797592447,
    "fx": 3222.7010797592447
  },
  {
    "id": 11,
    "img_name": "DSCF5653",
    "width": 3118,
    "height": 2078,
    "position": [
      2.840813222516746,
      1.83501326518184,
      -1.4502222651948369
    ],
    "rotation": [
      [
        0.6746649002054113,
        0.3123524827957828,
        -0.6687773911565287
      ],
      [
        -0.479182752586132,
        0.8745081863663723,
        -0.07496213445584277
      ],
      [
        0.5614366946101761,
        0.3710409121235935,
        0.7396739007668794
      ]
    ],
    "fy": 3222.7010797592447,
    "fx": 3222.7010797592447
  },
  {
    "id": 12,
    "img_name": "DSCF5661",
    "width": 3118,
    "height": 2078,
    "position": [
      3.540593264276581,
      2.0978015693758256,
      -0.4306125174411022
    ],
    "rotation": [
      [
        0.49216478309945283,
        0.1743908269171565,
        -0.8528550086408702
      ],
      [
        -0.550804837513097,
        0.8210498453225239,
        -0.14997060534661555
      ],
      [
        0.6740829750474637,
        0.5435669149083762,
        0.5001471301208783
      ]
    ],
    "fy": 3222.7010797592447,
    "fx": 3222.7010797592447
  },
  {
    "id": 13,
    "img_name": "DSCF5669",
    "width": 3118,
    "height": 2078,
    "position": [
      3.597732884554906,
      0.562603446663477,
      -0.918454207943218
    ],
    "rotation": [
      [
        0.31410131718435685,
        0.6013153885724822,
        -0.7346837183502685
      ],
      [
        -0.6138133609376772,
        0.7189803669240685,
        0.3260374056946911
      ],
      [
        0.7242744786870821,
        0.34854990380669526,
        0.5949280999237628
      ]
    ],
    "fy": 3222.7010797592447,
    "fx": 3222.7010797592447
  },
  {
    "id": 14,
    "img_name": "DSCF5677",
    "width": 3118,
    "height": 2078,
    "position": [
      3.5098341492704925,
      0.18637305137781002,
      -0.3621340065212973
    ],
    "rotation": [
      [
        0.09422952186800651,
        0.6079208949956384,
        -0.7883863156069039
      ],
      [
        -0.669865584039453,
        0.6245478711769754,
        0.4015221736439852
      ],
      [
        0.7364787142395964,
        0.49027761731085595,
        0.466076132660728
      ]
    ],
    "fy": 3222.7010797592447,
    "fx": 3222.7010797592447
  },
  {
    "id": 15,
    "img_name": "DSCF5685",
    "width": 3118,
    "height": 2078,
    "position": [
      4.076061199388371,
      1.2903109427403936,
      0.6546119019618828
    ],
    "rotation": [
      [
        0.0759137904724299,
        0.20741573876794483,
        -0.9753029312615932
      ],
      [
        -0.6167485807542697,
        0.7783377874441983,
        0.11752223948710239
      ],
      [
        0.7834910877308702,
        0.592595139996792,
        0.18700993422404186
      ]
    ],
    "fy": 3222.7010797592447,
    "fx": 3222.7010797592447
  },
  {
    "id": 16,
    "img_name": "DSCF5693",
    "width": 3118,
    "height": 2078,
    "position": [
      4.204579137877042,
      -0.10920823362282989,
      0.6376532707265388
    ],
    "rotation": [
      [
        -0.12364039521680911,
        0.4756895482870843,
        -0.8708803053928025
      ],
      [
        -0.6487006937684608,
        0.625379994336563,
        0.4336902957041095
      ],
      [
        0.7509330613143548,
        0.6185622978601509,
        0.2312579103317789
      ]
    ],
    "fy": 3222.7010797592447,
    "fx": 3222.7010797592447
  },
  {
    "id": 17,
    "img_name": "DSCF5701",
    "width": 3118,
    "height": 2078,
    "position": [
      3.1721624744355896,
      -1.2390420292324575,
      0.3849378886630962
    ],
    "rotation": [
      [
        -0.428112318711067,
        0.6217471343538558,
        -0.6558584782486254
      ],
      [
        -0.626413002006717,
        0.31894833168748504,
        0.7112515115138264
      ],
      [
        0.6514035565490618,
        0.7153338120322136,
        0.2529247790919166
      ]
    ],
    "fy": 3222.7010797592447,
    "fx": 3222.7010797592447
  },
  {
    "id": 18,
    "img_name": "DSCF5709",
    "width": 3118,
    "height": 2078,
    "position": [
      3.8886992373675926,
      -0.6150514407849095,
      1.9927082825045876
    ],
    "rotation": [
      [
        -0.4743170140514768,
        0.31008763979035275,
        -0.8239350859324656
      ],
      [
        -0.594315240241322,
        0.5776732504562205,
        0.5595382122109663
      ],
      [
        0.6494711428525448,
        0.7550756726028149,
        -0.08971044111593736
      ]
    ],
    "fy": 3222.7010797592447,
    "fx": 3222.7010797592447
  },
  {
    "id": 19,
    "img_name": "DSCF5717",
    "width": 3118,
    "height": 2078,
    "position": [
      3.4589640262491854,
      -1.0788407387434225,
      2.8113774028964205
    ],
    "rotation": [
      [
        -0.7026382001165747,
        0.24069613588005623,
        -0.6696005749021945
      ],
      [
        -0.47694127026839683,
        0.5390379968949648,
        0.6942370363342997
      ],
      [
        0.5280403246454838,
        0.8071576104304992,
        -0.26395076713739307
      ]
    ],
    "fy": 3222.7010797592447,
    "fx": 3222.7010797592447
  },
  {
    "id": 20,
    "img_name": "DSCF5725",
    "width": 3118,
    "height": 2078,
    "position": [
      2.5923405704687266,
      -2.3499422026015426,
      1.5266579328963754
    ],
    "rotation": [
      [
        -0.8706961897129243,
        0.30333247444144396,
        -0.38714022675075593
      ],
      [
        -0.35759001876231244,
        0.14998824121334547,
        0.9217553395447713
      ],
      [
        0.33766480968701057,
        0.9410063429366236,
        -0.022125524899468438
      ]
    ],
    "fy": 3222.7010797592447,
    "fx": 3222.7010797592447
  },
  {
    "id": 21,
    "img_name": "DSCF5733",
    "width": 3118,
    "height": 2078,
    "position": [
      2.2461007464805585,
      -2.2863990268850727,
      2.936890061816201
    ],
    "rotation": [
      [
        -0.9272690572288782,
        0.1381978211019022,
        -0.34795611468769055
      ],
      [
        -0.27327740308212545,
        0.3854333211783699,
        0.8813402384380852
      ],
      [
        0.25591318150997266,
        0.9123280754027565,
        -0.3196340506913262
      ]
    ],
    "fy": 3222.7010797592447,
    "fx": 3222.7010797592447
  },
  {
    "id": 22,
    "img_name": "DSCF5741",
    "width": 3118,
    "height": 2078,
    "position": [
      1.3991760657049117,
      -1.7778561858785187,
      4.008742949543734
    ],
    "rotation": [
      [
        -0.9860316649419454,
        0.03312518030194577,
        -0.16323075127493142
      ],
      [
        -0.12065941609922583,
        0.5335162648642391,
        0.8371389970798786
      ],
      [
        0.11481664094724606,
        0.8451408862167742,
        -0.5220670660042791
      ]
    ],
    "fy": 3222.7010797592447,
    "fx": 3222.7010797592447
  },
  {
    "id": 23,
    "img_name": "DSCF5749",
    "width": 3118,
    "height": 2078,
    "position": [
      0.862035189420847,
      -2.4953135901950225,
      2.309513379613651
    ],
    "rotation": [
      [
        -0.998953183247972,
        -0.004968569731402324,
        -0.04547362965024484
      ],
      [
        -0.0457189947295938,
        0.14147993664902728,
        0.9888848269878058
      ],
      [
        0.00152026302290333,
        0.9899286544194036,
        -0.14155899109463066
      ]
    ],
    "fy": 3222.7010797592447,
    "fx": 3222.7010797592447
  },
  {
    "id": 24,
    "img_name": "DSCF5757",
    "width": 3118,
    "height": 2078,
    "position": [
      -0.3475226110217009,
      -2.3466475925479195,
      2.6247614016868748
    ],
    "rotation": [
      [
        -0.9326101065504964,
        -0.25078228584886575,
        0.2595123007957224
      ],
      [
        0.17269044433111178,
        0.3213067535126564,
        0.9310961178008852
      ],
      [
        -0.31688546763238434,
        0.9131649441648397,
        -0.2563462212552201
      ]
    ],
    "fy": 3222.7010797592447,
    "fx": 3222.7010797592447
  },
  {
    "id": 25,
    "img_name": "DSCF5765",
    "width": 3118,
    "height": 2078,
    "position": [
      -1.2718986455475108,
      -1.7201294005012508,
      3.723990869273382
    ],
    "rotation": [
      [
        -0.8457364065177272,
        -0.15812661402356704,
        0.5096331078608642
      ],
      [
        0.32952991846663476,
        0.5964210130194041,
        0.7319098360209957
      ],
      [
        -0.41969031859914807,
        0.7869421510926642,
        -0.452307514096102
      ]
    ],
    "fy": 3222.7010797592447,
    "fx": 3222.7010797592447
  },
  {
    "id": 26,
    "img_name": "DSCF5773",
    "width": 3118,
    "height": 2078,
    "position": [
      -1.2845441523677716,
      -2.4579435673013714,
      1.9787675130325408
    ],
    "rotation": [
      [
        -0.8100013534589431,
        -0.38578264478455576,
        0.4416667956477073
      ],
      [
        0.3743085669593959,
        0.23965531970621617,
        0.895800437841663
      ],
      [
        -0.451432059224291,
        0.8909192324333022,
        -0.04971938439855801
      ]
    ],
    "fy": 3222.7010797592447,
    "fx": 3222.7010797592447
  },
  {
    "id": 27,
    "img_name": "DSCF5781",
    "width": 3118,
    "height": 2078,
    "position": [
      -2.051752273786843,
      -1.880934615544106,
      1.7188130466993476
    ],
    "rotation": [
      [
        -0.5817026025314479,
        -0.4786971437964017,
        0.657625369590702
      ],
      [
        0.5121854041670335,
        0.4125100287053401,
        0.7533270126417689
      ],
      [
        -0.6318925493835109,
        0.7750383995252665,
        0.0052235328007459135
      ]
    ],
    "fy": 3222.7010797592447,
    "fx": 3222.7010797592447
  },
  {
    "id": 28,
    "img_name": "DSCF5789",
    "width": 3118,
    "height": 2078,
    "position": [
      -2.922630189826595,
      -0.6865960529693018,
      2.600173224028948
    ],
    "rotation": [
      [
        -0.517050764918814,
        -0.21097865983005165,
        0.8295459671369538
      ],
      [
        0.5735223018562166,
        0.6340310518530285,
        0.5187261267371144
      ],
      [
        -0.6353980451421106,
        0.7439708531807261,
        -0.2068252737146177
      ]
    ],
    "fy": 3222.7010797592447,
    "fx": 3222.7010797592447
  },
  {
    "id": 29,
    "img_name": "DSCF5797",
    "width": 3118,
    "height": 2078,
    "position": [
      -2.7237530014395013,
      -1.4299358758091822,
      1.245759602710627
    ],
    "rotation": [
      [
        -0.45637443529472604,
        -0.5327107333897976,
        0.7127002520981203
      ],
      [
        0.5547027660961883,
        0.4559469543797839,
        0.6960008736180127
      ],
      [
        -0.6957206451548335,
        0.7129738068983345,
        0.08741358351102585
      ]
    ],
    "fy": 3222.7010797592447,
    "fx": 3222.7010797592447
  },
  {
    "id": 30,
    "img_name": "DSCF5805",
    "width": 3118,
    "height": 2078,
    "position": [
      -2.8952940389642086,
      -1.1276612689570797,
      0.7977730591205899
    ],
    "rotation": [
      [
        -0.29056366987601273,
        -0.521382688395585,
        0.8023296367389001
      ],
      [
        0.6087729767606225,
        0.546182158783911,
        0.5753959612233625
      ],
      [
        -0.738219626204962,
        0.6556257634257054,
        0.15870299876898017
      ]
    ],
    "fy": 3222.7010797592447,
    "fx": 3222.7010797592447
  },
  {
    "id": 31,
    "img_name": "DSCF5813",
    "width": 3118,
    "height": 2078,
    "position": [
      -3.629676945450682,
      0.44003458875745616,
      1.075125126372097
    ],
    "rotation": [
      [
        -0.008307751729859113,
        -0.32732992476524725,
        0.9448735902830454
      ],
      [
        0.6515682471235168,
        0.7150061812734879,
        0.25342647865030077
      ],
      [
        -0.7585445277645751,
        0.6177550332404272,
        0.20733769147103015
      ]
    ],
    "fy": 3222.7010797592447,
    "fx": 3222.7010797592447
  },
  {
    "id": 32,
    "img_name": "DSCF5821",
    "width": 3118,
    "height": 2078,
    "position": [
      -3.162920807890936,
      -0.6483269143200536,
      -0.1702502269168791
    ],
    "rotation": [
      [
        0.0824097611118608,
        -0.6168570557194966,
        0.7827490045235189
      ],
      [
        0.6311448984739781,
        0.6401462943732937,
        0.4380283540256407
      ],
      [
        -0.7712747554560292,
        0.4579302289751294,
        0.44208048700098485
      ]
    ],
    "fy": 3222.7010797592447,
    "fx": 3222.7010797592447
  },
  {
    "id": 33,
    "img_name": "DSCF5829",
    "width": 3118,
    "height": 2078,
    "position": [
      -3.2533667411392106,
      0.09141337162298982,
      -0.3905146366418063
    ],
    "rotation": [
      [
        0.22251087486701454,
        -0.4758424738177492,
        0.8509188273136988
      ],
      [
        0.6527952347066834,
        0.7209804515160388,
        0.23247703128690989
      ],
      [
        -0.7241182859934981,
        0.5037470879744452,
        0.47105369040811546
      ]
    ],
    "fy": 3222.7010797592447,
    "fx": 3222.7010797592447
  },
  {
    "id": 34,
    "img_name": "DSCF5837",
    "width": 3118,
    "height": 2078,
    "position": [
      -3.235033143816531,
      1.5090631398671221,
      -0.3474551415012362
    ],
    "rotation": [
      [
        0.4423097005244522,
        -0.36000297913385737,
        0.8214377540853092
      ],
      [
        0.6460398489280549,
        0.7631862013883792,
        -0.013391624524016262
      ],
      [
        -0.622088934493281,
        0.5366047679858273,
        0.570140930433775
      ]
    ],
    "fy": 3222.7010797592447,
    "fx": 3222.7010797592447
  },
  {
    "id": 35,
    "img_name": "DSCF5845",
    "width": 3118,
    "height": 2078,
    "position": [
      -2.707146117683604,
      -0.13888050154974646,
      -1.3064705580575569
    ],
    "rotation": [
      [
        0.4833176889503745,
        -0.600907601700647,
        0.6366428086188091
      ],
      [
        0.5225511936606348,
        0.7814838129621775,
        0.34091538551661477
      ],
      [
        -0.7023846962680171,
        0.16790802332370153,
        0.6917099349814289
      ]
    ],
    "fy": 3222.7010797592447,
    "fx": 3222.7010797592447
  },
  {
    "id": 36,
    "img_name": "DSCF5853",
    "width": 3118,
    "height": 2078,
    "position": [
      -2.2251508165331435,
      -1.8153853404826736,
      0.23358164593616612
    ],
    "rotation": [
      [
        -0.5083382903864332,
        -0.5890847027365695,
        0.6281491825424637
      ],
      [
        0.6599269610521613,
        0.2021424759272531,
        0.7236261641914691
      ],
      [
        -0.5532527348359494,
        0.7823794683066312,
        0.2859961170519198
      ]
    ],
    "fy": 3222.7010797592447,
    "fx": 3222.7010797592447
  },
  {
    "id": 37,
    "img_name": "DSCF5566",
    "width": 3118,
    "height": 2078,
    "position": [
      -3.7020803064083108,
      1.879422089296054,
      -0.39910109839590346
    ],
    "rotation": [
      [
        0.47184186948130497,
        -0.2583456261469842,
        0.8429844527956074
      ],
      [
        0.6248371908349101,
        0.7725369608598944,
        -0.11298287062602104
      ],
      [
        -0.6220480167590968,
        0.5800380862978575,
        0.5259392391617059
      ]
    ],
    "fy": 3222.7010797592447,
    "fx": 3222.7010797592447
  },
  {
    "id": 38,
    "img_name": "DSCF5567",
    "width": 3118,
    "height": 2078,
    "position": [
      -3.6551355453662895,
      1.649449801009914,
      -0.6443149930243058
    ],
    "rotation": [
      [
        0.48788817233404147,
        -0.2836443239863126,
        0.8255368124843956
      ],
      [
        0.6045060232025135,
        0.7920392580249197,
        -0.08512509418036801
      ],
      [
        -0.6297123146393364,
        0.540573502141644,
        0.5578912883115197
      ]
    ],
    "fy": 3222.7010797592447,
    "fx": 3222.7010797592447
  },
  {
    "id": 39,
    "img_name": "DSCF5568",
    "width": 3118,
    "height": 2078,
    "position": [
      -3.617851614976698,
      1.4268178330952326,
      -0.9407561748828803
    ],
    "rotation": [
      [
        0.4860890651930899,
        -0.34096668597981994,
        0.8046484572480374
      ],
      [
        0.601309646812607,
        0.7986300198964869,
        -0.024835457922793625
      ],
      [
        -0.6341483496389512,
        0.4959151241614596,
        0.5932318773280127
      ]
    ],
    "fy": 3222.7010797592447,
    "fx": 3222.7010797592447
  },
  {
    "id": 40,
    "img_name": "DSCF5569",
    "width": 3118,
    "height": 2078,
    "position": [
      -3.5738527487371865,
      1.1798907852423566,
      -1.197286773122636
    ],
    "rotation": [
      [
        0.4944496214982031,
        -0.3958240967882853,
        0.773849375655251
      ],
      [
        0.5833083542477319,
        0.8111537446016055,
        0.04220149859419679
      ],
      [
        -0.6444151888845314,
        0.43052629074254173,
        0.6319621644642835
      ]
    ],
    "fy": 3222.7010797592447,
    "fx": 3222.7010797592447
  },
  {
    "id": 41,
    "img_name": "DSCF5570",
    "width": 3118,
    "height": 2078,
    "position": [
      -3.5037955859358725,
      0.952729592705444,
      -1.4001075463484411
    ],
    "rotation": [
      [
        0.5075053426654192,
        -0.45617509463144473,
        0.7309874213719739
      ],
      [
        0.5728892225496826,
        0.8123267639085655,
        0.10919325677100233
      ],
      [
        -0.6436118907015902,
        0.3633586543290667,
        0.6735979679836439
      ]
    ],
    "fy": 3222.7010797592447,
    "fx": 3222.7010797592447
  },
  {
    "id": 42,
    "img_name": "DSCF5571",
    "width": 3118,
    "height": 2078,
    "position": [
      -3.3417373009503164,
      0.7118185651319814,
      -1.6446872360545979
    ],
    "rotation": [
      [
        0.5120049657935942,
        -0.4781450752328069,
        0.713602271600444
      ],
      [
        0.5742441366342961,
        0.8083579337640943,
        0.12961914388614013
      ],
      [
        -0.6388228131053496,
        0.34341627502385136,
        0.6884552821388694
      ]
    ],
    "fy": 3222.7010797592447,
    "fx": 3222.7010797592447
  },
  {
    "id": 43,
    "img_name": "DSCF5572",
    "width": 3118,
    "height": 2078,
    "position": [
      -3.163531827623637,
      0.5140296521063223,
      -1.8265957722090331
    ],
    "rotation": [
      [
        0.5391757974226906,
        -0.5279909310031277,
        0.656136446367717
      ],
      [
        0.5651706604496206,
        0.8044421784511404,
        0.18290682353516308
      ],
      [
        -0.6243969763223917,
        0.2722101363050866,
        0.7321407362332878
      ]
    ],
    "fy": 3222.7010797592447,
    "fx": 3222.7010797592447
  },
  {
    "id": 44,
    "img_name": "DSCF5574",
    "width": 3118,
    "height": 2078,
    "position": [
      -2.8372616350650444,
      0.1575075190024584,
      -2.14193929618645
    ],
    "rotation": [
      [
        0.5975077771368584,
        -0.570360056870823,
        0.5636256397532691
      ],
      [
        0.5253125697889331,
        0.8094838566590262,
        0.2622643510471378
      ],
      [
        -0.6058309667578222,
        0.13937464380130535,
        0.7832902070002802
      ]
    ],
    "fy": 3222.7010797592447,
    "fx": 3222.7010797592447
  },
  {
    "id": 45,
    "img_name": "DSCF5575",
    "width": 3118,
    "height": 2078,
    "position": [
      -2.637328086500816,
      0.04459662112012429,
      -2.288946333977217
    ],
    "rotation": [
      [
        0.6811424983885158,
        -0.5306229788837543,
        0.5044642218924763
      ],
      [
        0.47331233667001776,
        0.8448112726382795,
        0.24953826475965307
      ],
      [
        -0.5585877986897124,
        0.0687980225284253,
        0.8265872629378944
      ]
    ],
    "fy": 3222.7010797592447,
    "fx": 3222.7010797592447
  },
  {
    "id": 46,
    "img_name": "DSCF5576",
    "width": 3118,
    "height": 2078,
    "position": [
      -2.4879371779924395,
      0.23142230462912955,
      -2.4124875220692856
    ],
    "rotation": [
      [
        0.7108835766498135,
        -0.4892607692574732,
        0.5052409723242507
      ],
      [
        0.45375078189098866,
        0.867923697658901,
        0.2020363407296245
      ],
      [
        -0.5373590683917833,
        0.08562916972437626,
        0.838995159050056
      ]
    ],
    "fy": 3222.7010797592447,
    "fx": 3222.7010797592447
  },
  {
    "id": 47,
    "img_name": "DSCF5577",
    "width": 3118,
    "height": 2078,
    "position": [
      -2.4690790376123646,
      0.5336060851713882,
      -2.3991431044867735
    ],
    "rotation": [
      [
        0.7386106250323943,
        -0.44544171114624354,
        0.5060000262454163
      ],
      [
        0.4476539060339713,
        0.8852989858405177,
        0.12590347923023876
      ],
      [
        -0.5040439712979257,
        0.1335192407140529,
        0.8532949591772817
      ]
    ],
    "fy": 3222.7010797592447,
    "fx": 3222.7010797592447
  },
  {
    "id": 48,
    "img_name": "DSCF5578",
    "width": 3118,
    "height": 2078,
    "position": [
      -2.4983859518198024,
      0.9325062554445885,
      -2.3864111269757116
    ],
    "rotation": [
      [
        0.7467065839349891,
        -0.4165975444484668,
        0.5185323167051852
      ],
      [
        0.43909702517177834,
        0.8942971510104315,
        0.08617661039934206
      ],
      [
        -0.499622937817544,
        0.1633373553542882,
        0.8507043131149823
      ]
    ],
    "fy": 3222.7010797592447,
    "fx": 3222.7010797592447
  },
  {
    "id": 49,
    "img_name": "DSCF5579",
    "width": 3118,
    "height": 2078,
    "position": [
      -2.569075162384631,
      1.29630719585694,
      -2.3733110635008456
    ],
    "rotation": [
      [
        0.7506294852021139,
        -0.36712155694129994,
        0.5493424600139744
      ],
      [
        0.42054255735879315,
        0.9067318168708731,
        0.03132682116288543
      ],
      [
        -0.509607038212126,
        0.20750704735753198,
        0.835009875331797
      ]
    ],
    "fy": 3222.7010797592447,
    "fx": 3222.7010797592447
  },
  {
    "id": 50,
    "img_name": "DSCF5580",
    "width": 3118,
    "height": 2078,
    "position": [
      -2.6623867820743343,
      1.5716633963663265,
      -2.3421469607026926
    ],
    "rotation": [
      [
        0.7594053215957622,
        -0.3280994950843532,
        0.561831183592927
      ],
      [
        0.4142243609621175,
        0.9097244761762776,
        -0.02862789254071588
      ],
      [
        -0.5017187821056355,
        0.2544643369338616,
        0.8267564120774921
      ]
    ],
    "fy": 3222.7010797592447,
    "fx": 3222.7010797592447
  },
  {
    "id": 51,
    "img_name": "DSCF5582",
    "width": 3118,
    "height": 2078,
    "position": [
      -2.4961959050697726,
      2.1316631193527407,
      -2.190324784333853
    ],
    "rotation": [
      [
        0.7983877274364483,
        -0.24434873755266068,
        0.5503369251061434
      ],
      [
        0.3825721709022659,
        0.9116274929219333,
        -0.15024595901387017
      ],
      [
        -0.4649898608894514,
        0.3304981219391286,
        0.8213132293252785
      ]
    ],
    "fy": 3222.7010797592447,
    "fx": 3222.7010797592447
  },
  {
    "id": 52,
    "img_name": "DSCF5583",
    "width": 3118,
    "height": 2078,
    "position": [
      -2.4297308056744735,
      2.3826740647501268,
      -2.1186553879219443
    ],
    "rotation": [
      [
        0.8195293382239074,
        -0.19065923918794592,
        0.5403894135737285
      ],
      [
        0.3625079807990567,
        0.9028419746536123,
        -0.23122355559189292
      ],
      [
        -0.4438013380413305,
        0.38538996265580155,
        0.8090209818273472
      ]
    ],
    "fy": 3222.7010797592447,
    "fx": 3222.7010797592447
  },
  {
    "id": 53,
    "img_name": "DSCF5584",
    "width": 3118,
    "height": 2078,
    "position": [
      -2.4118388794050167,
      2.6626495101698096,
      -1.9664330601160258
    ],
    "rotation": [
      [
        0.8286492477918423,
        -0.1730272033208262,
        0.5323551549905263
      ],
      [
        0.34745650468107914,
        0.9046301303653611,
        -0.24681633776951847
      ],
      [
        -0.4388785726016037,
        0.3894944340374112,
        0.8097405043376893
      ]
    ],
    "fy": 3222.7010797592447,
    "fx": 3222.7010797592447
  },
  {
    "id": 54,
    "img_name": "DSCF5585",
    "width": 3118,
    "height": 2078,
    "position": [
      -2.4870457770990315,
      2.8565250698860614,
      -1.8057770466916852
    ],
    "rotation": [
      [
        0.8390904439291081,
        -0.1515755511227795,
        0.5224481593504541
      ],
      [
        0.3448534753827826,
        0.8909742395398023,
        -0.29536584940186905
      ],
      [
        -0.42071761007030417,
        0.42800672515545446,
        0.7998793257726036
      ]
    ],
    "fy": 3222.7010797592447,
    "fx": 3222.7010797592447
  },
  {
    "id": 55,
    "img_name": "DSCF5586",
    "width": 3118,
    "height": 2078,
    "position": [
      -2.454348658869141,
      3.0269657778486065,
      -1.7816681172854762
    ],
    "rotation": [
      [
        0.855906820037262,
        -0.11779251021748306,
        0.5035359370991966
      ],
      [
        0.33422972972672677,
        0.8690156346677133,
        -0.3648318989204079
      ],
      [
        -0.39460613677501416,
        0.4805587906174808,
        0.7831661672849274
      ]
    ],
    "fy": 3222.7010797592447,
    "fx": 3222.7010797592447
  },
  {
    "id": 56,
    "img_name": "DSCF5587",
    "width": 3118,
    "height": 2078,
    "position": [
      -2.172885579918758,
      3.1654601339833306,
      -1.8701072971600794
    ],
    "rotation": [
      [
        0.8774730985266822,
        -0.11101057458834966,
        0.46660220069299735
      ],
      [
        0.31803087074504793,
        0.8628889473547188,
        -0.39278369338124514
      ],
      [
        -0.3590227382981895,
        0.49305102865994493,
        0.7924666280180132
      ]
    ],
    "fy": 3222.7010797592447,
    "fx": 3222.7010797592447
  },
  {
    "id": 57,
    "img_name": "DSCF5588",
    "width": 3118,
    "height": 2078,
    "position": [
      -1.9080024642363993,
      3.2052962198401422,
      -2.04274398407657
    ],
    "rotation": [
      [
        0.9109170772900111,
        -0.11311592489712562,
        0.39678062684069104
      ],
      [
        0.27447493587090455,
        0.8841514776589597,
        -0.37807363585965753
      ],
      [
        -0.308048028528161,
        0.45330006848460314,
        0.8364361661428608
      ]
    ],
    "fy": 3222.7010797592447,
    "fx": 3222.7010797592447
  },
  {
    "id": 58,
    "img_name": "DSCF5590",
    "width": 3118,
    "height": 2078,
    "position": [
      -1.6449328480084444,
      2.972285589068504,
      -2.4275346680982772
    ],
    "rotation": [
      [
        0.9217599999203663,
        -0.17033266827425436,
        0.3483465008657028
      ],
      [
        0.2739208401433421,
        0.9218821478370908,
        -0.2740450306691178
      ],
      [
        -0.2744555991084384,
        0.3480231136258695,
        0.896411756114445
      ]
    ],
    "fy": 3222.7010797592447,
    "fx": 3222.7010797592447
  },
  {
    "id": 59,
    "img_name": "DSCF5591",
    "width": 3118,
    "height": 2078,
    "position": [
      -1.60850969260694,
      2.7039712126952495,
      -2.606198005656265
    ],
    "rotation": [
      [
        0.9196343198682784,
        -0.18508273210431256,
        0.34643484235453603
      ],
      [
        0.27383470628324674,
        0.9344366634800286,
        -0.22768986709794412
      ],
      [
        -0.28157995552804704,
        0.30425729937195384,
        0.910022101063325
      ]
    ],
    "fy": 3222.7010797592447,
    "fx": 3222.7010797592447
  },
  {
    "id": 60,
    "img_name": "DSCF5592",
    "width": 3118,
    "height": 2078,
    "position": [
      -1.5723208830555089,
      2.459489651432625,
      -2.751183774789651
    ],
    "rotation": [
      [
        0.9163215020729905,
        -0.2054726083809076,
        0.3437090514429967
      ],
      [
        0.2743997158730331,
        0.9473138837813899,
        -0.16523075235505694
      ],
      [
        -0.2916499627421493,
        0.2457181572455841,
        0.9244257062805735
      ]
    ],
    "fy": 3222.7010797592447,
    "fx": 3222.7010797592447
  },
  {
    "id": 61,
    "img_name": "DSCF5593",
    "width": 3118,
    "height": 2078,
    "position": [
      -1.5533628554349679,
      2.2046250594324532,
      -2.8909134319225993
    ],
    "rotation": [
      [
        0.9192066719917517,
        -0.21832326225226853,
        0.3277103100687794
      ],
      [
        0.2652815920129914,
        0.9583678294436717,
        -0.10562566178007195
      ],
      [
        -0.29100647948954855,
        0.1840273258159031,
        0.9388552456306279
      ]
    ],
    "fy": 3222.7010797592447,
    "fx": 3222.7010797592447
  },
  {
    "id": 62,
    "img_name": "DSCF5594",
    "width": 3118,
    "height": 2078,
    "position": [
      -1.5088351644315487,
      1.9365352929124593,
      -2.9995716614162085
    ],
    "rotation": [
      [
        0.9214750996995337,
        -0.2274404395672219,
        0.3148880548436279
      ],
      [
        0.25159377287628476,
        0.9670972575471289,
        -0.03772887348833287
      ],
      [
        -0.29594630270305994,
        0.11399009121099542,
        0.948378640112744
      ]
    ],
    "fy": 3222.7010797592447,
    "fx": 3222.7010797592447
  },
  {
    "id": 63,
    "img_name": "DSCF5595",
    "width": 3118,
    "height": 2078,
    "position": [
      -1.4154619212072046,
      1.692457960633541,
      -3.0243333224264384
    ],
    "rotation": [
      [
        0.9196792491486308,
        -0.24294420777597203,
        0.30849342066487584
      ],
      [
        0.2481986122915125,
        0.9684422856587073,
        0.02273737462211789
      ],
      [
        -0.30428198688384134,
        0.055656547290003466,
        0.9509546893526407
      ]
    ],
    "fy": 3222.7010797592447,
    "fx": 3222.7010797592447
  },
  {
    "id": 64,
    "img_name": "DSCF5596",
    "width": 3118,
    "height": 2078,
    "position": [
      -1.332005292956484,
      1.461229446215184,
      -3.0478934678165834
    ],
    "rotation": [
      [
        0.9256836976947892,
        -0.2412301521298522,
        0.2914064267059169
      ],
      [
        0.23203995880063244,
        0.9704475406298818,
        0.06624974268036408
      ],
      [
        -0.29877608562584673,
        0.006291628471392769,
        0.9543025023907641
      ]
    ],
    "fy": 3222.7010797592447,
    "fx": 3222.7010797592447
  },
  {
    "id": 65,
    "img_name": "DSCF5598",
    "width": 3118,
    "height": 2078,
    "position": [
      -1.189868250384096,
      1.0557501991331821,
      -3.108482804937164
    ],
    "rotation": [
      [
        0.9532031714521156,
        -0.2067464712284393,
        0.22058923493275204
      ],
      [
        0.1777510738294932,
        0.9734435719078391,
        0.14426423002175365
      ],
      [
        -0.2445572932588411,
        -0.09830314819931003,
        0.9646389072435414
      ]
    ],
    "fy": 3222.7010797592447,
    "fx": 3222.7010797592447
  },
  {
    "id": 66,
    "img_name": "DSCF5599",
    "width": 3118,
    "height": 2078,
    "position": [
      -0.9289281168262664,
      0.9718339528058533,
      -3.0763907706933
    ],
    "rotation": [
      [
        0.9680268098150424,
        -0.16877124062803195,
        0.18558115156498745
      ],
      [
        0.14847388381302234,
        0.981802562612805,
        0.11840284571076255
      ],
      [
        -0.20218704534363485,
        -0.0870631746710653,
        0.9754693241262927
      ]
    ],
    "fy": 3222.7010797592447,
    "fx": 3222.7010797592447
  },
  {
    "id": 67,
    "img_name": "DSCF5600",
    "width": 3118,
    "height": 2078,
    "position": [
      -0.7136744348563324,
      1.1468723174544753,
      -3.0477304741994313
    ],
    "rotation": [
      [
        0.9795105976076086,
        -0.14942957933400564,
        0.13501773955465046
      ],
      [
        0.14289152810153596,
        0.9880992855564416,
        0.05693692193698031
      ],
      [
        -0.14191899228501184,
        -0.036477427306650156,
        0.989205942625647
      ]
    ],
    "fy": 3222.7010797592447,
    "fx": 3222.7010797592447
  },
  {
    "id": 68,
    "img_name": "DSCF5601",
    "width": 3118,
    "height": 2078,
    "position": [
      -0.5795130336269095,
      1.399463997474284,
      -2.9946063652878623
    ],
    "rotation": [
      [
        0.9810935761398735,
        -0.13295370010737675,
        0.14063679634018963
      ],
      [
        0.13516205172308496,
        0.990803946183876,
        -0.006225753003854851
      ],
      [
        -0.13851575589470086,
        0.025116804219817195,
        0.9900416817057265
      ]
    ],
    "fy": 3222.7010797592447,
